image: final_map_8.14_edit_cut_tfl.pgm
resolution: 0.050000
origin: [-2.700000, -8.050000, 0.000000]
negate: 0
occupied_thresh: 0.65
free_thresh: 0.196

